------------------------------------------
1st neighborhood correlation; steps: 100000, b = 0, averaged over 5 realizations
------
neighbors           0         1         2         3
center_cell                                        
0            0.356227  0.379346  0.195245  0.069183
1            0.363211  0.380168  0.191939  0.064681
2            0.366875  0.376787  0.197418  0.058920
3            0.390187  0.381440  0.177181  0.051192
------------------------------------------
1st neighborhood correlation; steps: 100000, b = 1, averaged over 5 realizations
------
neighbors           0         1         2         3
center_cell                                        
0            0.432136  0.276670  0.180479  0.110715
1            0.443589  0.280400  0.174670  0.101340
2            0.461789  0.279008  0.166583  0.092620
3            0.484222  0.276720  0.158070  0.080988
------------------------------------------
1st neighborhood correlation; steps: 100000, b = 3, averaged over 5 realizations
------
neighbors           0         1         2         3
center_cell                                        
0            0.486807  0.201553  0.162024  0.149616
1            0.503128  0.198640  0.161727  0.136505
2            0.526176  0.210191  0.136921  0.126713
3            0.546185  0.199747  0.142637  0.111432
------------------------------------------
1st neighborhood correlation; steps: 100000, b = 5, averaged over 5 realizations
------
neighbors           0         1         2         3
center_cell                                        
0            0.516235  0.158015  0.152291  0.173459
1            0.525825  0.167103  0.150410  0.156663
2            0.558729  0.166030  0.137223  0.138017
3            0.587877  0.159741  0.127545  0.124837
------------------------------------------
1st neighborhood correlation; steps: 100000, b = 20, averaged over 5 realizations
------
neighbors           0         1         2         3
center_cell                                        
0            0.577260  0.081404  0.117422  0.223913
1            0.598164  0.082881  0.124768  0.194186
2            0.615918  0.089388  0.110679  0.184014
3            0.659210  0.077925  0.103061  0.159804
------------------------------------------
1st neighborhood correlation; steps: 100000, b = 100, averaged over 5 realizations
------
neighbors           0         1         2         3
center_cell                                        
0            0.611973  0.032602  0.075194  0.280231
1            0.635345  0.032752  0.080146  0.251757
2            0.674879  0.036897  0.060808  0.227416
3            0.709514  0.032789  0.064178  0.193519
